83779 SBMT Marte Civ Observations at 12Z 27 Apr 2024
-----------------------------------------------------------------------------
   PRES   HGHT   TEMP   DWPT   RELH   MIXR   DRCT   SKNT   THTA   THTE   THTV
    hPa     m      C      C      %    g/kg    deg   knot     K      K      K 
-----------------------------------------------------------------------------
 1000.0    128                                                               
  935.0    722   22.8   19.0     79  15.02     10      4  301.7  346.2  304.4
  925.0    811   21.2   18.4     84  14.62     90      6  301.0  344.1  303.6
  903.0   1020   19.8   17.3     86  13.95     50      8  301.6  342.9  304.1
  878.0   1263   20.8   14.8     69  12.20      4     10  305.1  341.8  307.3
  850.0   1544   19.6   14.8     74  12.61    310     12  306.7  344.9  309.0
  793.2   2134   15.4   11.1     76  10.59    280     14  308.3  340.7  310.2
  778.0   2300   14.2   10.1     76  10.07    280     13  308.7  339.6  310.6
  765.3   2438   13.3    8.2     71   8.96    280     13  309.2  336.9  310.9
  744.0   2676   11.8    4.8     62   7.30    280     13  310.1  332.8  311.4
  738.0   2743   11.7    2.1     52   6.09    280     13  310.6  329.8  311.8
  700.0   3184   10.8  -15.2     15   1.68     60      8  314.4  320.2  314.7
  670.0   3547    9.4  -24.6      7   0.78    118      7  316.8  319.6  316.9
  664.0   3622    9.6  -23.4      8   0.88    130      6  317.8  321.0  318.0
  613.6   4267    5.1  -17.9     17   1.53    235      4  319.9  325.3  320.2
  585.0   4658    2.4  -14.6     27   2.12    229     11  321.2  328.5  321.6
  571.0   4853    0.8  -19.2     21   1.47    225     14  321.5  326.7  321.8
  562.0   4981    1.2  -33.8      5   0.39    223     16  323.4  325.0  323.5
  548.0   5182   -0.0  -34.4      5   0.38    220     20  324.3  325.8  324.4
  527.4   5486   -1.9  -35.3      6   0.36    225     18  325.7  327.1  325.7
  507.5   5791   -3.8  -36.1      6   0.34    250     17  327.0  328.3  327.0
  500.0   5910   -4.5  -36.5      6   0.34    245     19  327.5  328.8  327.6
  488.1   6096   -5.7  -35.8      7   0.37    245     19  328.2  329.7  328.3
  469.1   6401   -7.8  -34.6     10   0.43    270     21  329.5  331.2  329.6
  433.5   7010  -11.8  -32.3     17   0.59    265     14  331.9  334.1  332.0
  416.7   7315  -13.8  -31.1     22   0.69    275     16  333.0  335.7  333.2
  400.5   7620  -15.8  -29.9     29   0.80    235     23  334.2  337.3  334.4
  400.0   7630  -15.9  -29.9     29   0.80    235     26  334.2  337.3  334.4
  395.0   7725  -16.1  -30.1     29   0.80    232     28  335.2  338.2  335.3
  384.4   7925  -17.7  -31.9     28   0.69    225     32  335.8  338.4  335.9
  368.7   8230  -20.0  -34.7     26   0.55    225     32  336.6  338.8  336.7
  319.0   9293  -28.3  -44.3     20   0.23    229     32  339.4  340.4  339.4
  312.1   9449  -29.6  -43.8     24   0.25    230     32  339.7  340.8  339.8
  300.0   9730  -31.9  -42.9     33   0.29    245     35  340.3  341.5  340.4
  299.0   9754  -32.1  -43.1     33   0.28    250     34  340.4  341.5  340.4
  269.0  10490  -38.3  -49.3     30   0.16    244     38  341.8  342.4  341.8
  267.0  10542  -38.7  -46.7     43   0.22    244     38  341.9  342.8  341.9
  250.0  10990  -42.1  -52.1     33   0.12    240     40  343.3  343.9  343.4
  241.0  11238  -43.7  -57.7     20   0.07    240     43  344.6  344.9  344.6
  239.6  11278  -44.0  -57.9     20   0.06    240     43  344.7  345.0  344.7
  208.6  12192  -51.3  -61.4     29   0.05    240     36  347.2  347.4  347.2
  200.0  12470  -53.5  -62.5     32   0.04    235     40  347.9  348.1  347.9
  181.0  13104  -58.5  -66.5     35   0.03    235     45  349.8  349.9  349.8
  168.0  13568  -62.5  -64.4     78   0.04    235     48  350.7  350.9  350.7
  163.0  13754  -63.1  -70.1     38   0.02    235     50  352.7  352.8  352.7
  157.0  13983  -64.7  -71.7     38   0.02    235     52  353.8  353.9  353.8
  150.0  14260  -66.7  -74.7     32   0.01    235     54  355.0  355.0  355.0
  148.3  14326  -67.0  -75.2     31   0.01    240     56  355.5  355.6  355.5
  114.0  15882  -75.3  -86.3     17   0.00    253     51  367.9  368.0  367.9
  108.0  16196  -73.9  -86.9     12   0.00    256     50  376.3  376.3  376.3
  101.0  16583  -76.9  -87.9     16   0.00    260     48  377.8  377.8  377.8
  100.0  16640  -77.1  -88.1     16   0.00    260     48  378.5  378.5  378.5
   97.8  16764  -78.0  -88.1     19   0.00    260     48  379.1  379.1  379.1
   95.4  16909  -79.1  -88.1     22   0.00    255     47  379.7  379.7  379.7
   87.0  17432  -79.4  -89.5     18   0.00    245     39  389.2  389.2  389.2
   82.0  17768  -79.6  -90.4     16   0.00    235     20  395.4  395.4  395.4
   81.0  17838  -79.7  -90.6     15   0.00    255     14  396.7  396.7  396.7
   80.6  17866  -79.7  -90.7     15   0.00    258     15  397.2  397.2  397.2
   78.0  18055  -78.0  -90.7     12   0.00    280     22  404.4  404.4  404.4
   75.0  18282  -76.0  -90.6      9   0.00    275     13  413.2  413.2  413.2
   71.0  18598  -73.2  -90.5      6   0.00    310     18  425.7  425.7  425.7
   70.0  18680  -72.5  -90.5      5   0.00    310     18  428.9  429.0  428.9
   64.5  19166  -67.9  -89.9      3   0.00    279     13  449.2  449.2  449.2
   63.0  19307  -68.4  -90.2      3   0.00    270     11  451.0  451.0  451.0
   60.0  19598  -69.5  -90.7      3   0.00    255      1  454.9  454.9  454.9
   59.1  19689  -69.9  -90.9      3   0.00    270      1  456.0  456.1  456.0
   50.0  20700  -63.1  -90.1      2   0.00     70      1  494.4  494.4  494.4
   48.2  20927  -60.3  -89.3      1   0.00     88      6  506.2  506.2  506.2
   47.0  21085  -60.1  -89.2      1   0.00    100     10  510.4  510.5  510.4
   45.0  21357  -59.7  -89.0      1   0.00    110     17  517.8  517.8  517.8
   41.0  21940  -58.8  -88.5      1   0.00     80     21  533.9  534.0  533.9
   39.0  22254  -58.3  -88.3      1   0.00     75     31  542.8  542.8  542.8
   38.9  22270  -58.3  -88.3      1   0.00     74     31  543.3  543.3  543.3
   37.1  22567  -59.3  -88.3      1   0.00     53     30  548.1  548.1  548.1
   36.0  22757  -58.7  -88.0      1   0.00     40     29  554.3  554.3  554.3
   35.0  22935  -58.2  -87.8      1   0.01     60     19  560.2  560.2  560.2
   34.0  23119  -57.7  -87.5      1   0.01     50     15  566.2  566.3  566.3
   32.0  23502  -56.5  -86.9      1   0.01     65     13  579.2  579.3  579.2
   31.0  23703  -55.9  -86.6      1   0.01     75     16  586.1  586.2  586.1
   30.0  23910  -55.3  -86.3      1   0.01     65     15  593.3  593.4  593.3
   28.3  24282  -55.5  -86.5      1   0.01     57     19  602.7  602.8  602.7
   26.0  24829  -52.2  -85.0      1   0.01     45     25  626.8  626.9  626.8
   25.0  25082  -50.7  -84.3      1   0.01     95     19  638.2  638.4  638.3
   24.5  25212  -49.9  -83.9      1   0.01     96     22  644.2  644.4  644.2
   23.0  25625  -49.8  -84.2      1   0.01    100     33  656.2  656.3  656.2
   22.0  25916  -49.8  -84.4      1   0.01     80     28  664.7  664.9  664.7
   20.8  26283  -49.7  -84.7      1   0.01     86     33  675.7  675.8  675.7
   20.3  26442  -50.3  -84.3      1   0.02     88     35  678.6  678.7  678.6
   20.0                                        90     36                     
Station information and sounding indices
                         Station identifier: SBMT
                             Station number: 83779
                           Observation time: 240427/1200
                           Station latitude: -23.52
                          Station longitude: -46.63
                          Station elevation: 722.0
                            Showalter index: 0.46
                               Lifted index: 1.05
    LIFT computed using virtual temperature: 0.28
                                SWEAT index: 220.61
                                    K index: 12.90
                         Cross totals index: 19.30
                      Vertical totals index: 24.10
                        Totals totals index: 43.40
      Convective Available Potential Energy: 0.00
             CAPE using virtual temperature: 0.67
                      Convective Inhibition: 0.00
             CINS using virtual temperature: -161.22
 Equilibrum Level using virtual temperature: 567.49
             LFCT using virtual temperature: 578.99
                     Bulk Richardson Number: 0.00
          Bulk Richardson Number using CAPV: 0.03
  Temp [K] of the Lifted Condensation Level: 289.76
Pres [hPa] of the Lifted Condensation Level: 865.43
   Equivalent potential temp [K] of the LCL: 343.30
     Mean mixed layer potential temperature: 302.00
              Mean mixed layer mixing ratio: 13.97
              1000 hPa to 500 hPa thickness: 5782.00
Precipitable water [mm] for entire sounding: 28.15

